2
2
20
40
1
2
20
4
2
24
20
21
1
18
21
20
20
40
14
4
20
4
14
3
20
44
14
40
19
2
-1
3
2
2
20
40
1
4
20
40
2
20
20
21
1
-1
21
22
20
40
11
2
20
40
12
3
20
28
11
41
64
45
36
3
2
24
20
44
1
18
19
2
2
16
20
-1
1
10
20
19
20
21
14
40
21
20
-1
3
20
-1
14
5
20
19
11
3
2
20
20
28
1
-1
64
45
2
12
20
27
1
24
83
25
20
21
11
41
21
22
36
3
20
27
11
3
83
25
63
3
2
62
24
82
2
62
20
-1
40
35
21
21
40
32
21
21
24
82
16
3
20
-1
12
5
44
64
-1
3
28
22
27
4
2
11
18
19
4
14
-1
22
4
-1
20
22
40
15
22
21
18
19
10
2
-1
22
24
3
2
20
19
2
45
21
25
3
40
35
44
64
40
32
28
22
4
13
40
21
2
12
41
21
21
21
-1
3
21
21
27
4
40
21
5
2
41
21
3
3
4
-1
2
20
40
15
45
21
3
2
3
2
3
2
3
2
20
22
19
2
22
21
25
3
3
2
3
2
3
2
3
2
Finished simulation.
